3715
1305
1306
1307
3711
1301
1302
1303
3077
1308
3048
2138
3041
1300
3043
3345
3044
3047
3046
3122
3123
3124
2015
2033
2010
2032
1317
1316
1315
1313
1312
1311
1310
3931
3930
1318
3135
3134
3137
1062
3024
3133
1031
3139
3243
3242
3241
3240
3052
3031
3033
3034
3035
2140
1410
1411
1412
1413
1414
1063
1322
1323
1320
1321
1083
1082
1325
1328
3140
3142
3143
3144
3145
3146
3040
3672
3673
3671
3302
3303
3674
3301
3042
3036
3029
3028
2301
3026
2303
2302
3022
3020
1409
1408
1018
1403
1402
1401
1400
3068
1011
3812
3748
1331
3742
1330
1333
1332
3153
3152
3151
3157
3156
3155
3158
2054
3508
2047
2045
2043
3461
3460
3010
3504
1415
3092
3090
3091
3096
3097
3094
1006
3098
1004
1001
2003
3751
3599
3801
3800
2049
3004
3007
3006
3001
3003
3057
1326
3165
3009
3008
1327
2051
2050
2053
2052
3211
3364
3512
3361
3362
3363
1038
1039
3089
3085
3084
3087
3086
1036
1037
3083
3082
3196
1042
3070
3071
3072
3073
3074
3075
1033
3078
3170
3285
3174
1027
1026
3200
1029
1028
3901
3902
3903
3027
3060
3067
3065
3069
3222
1051
3348
1053
3108
1055
1056
1057
3104
3105
3340
3341
3100
3101
3102
2139
3184
3185
3187
3180
3181
2031
1052
3056
1054
3932
3706
3053
3050
1043
3401
1041
3117
3116
3115
3114
3113
3112
3111
3110
3197
1058
3136
3191
3190
2009
3025
3198
